      01101    8  -25.5713
  0.9896105E+00-0.1358055E+00 0.3157657E-01 0.3305520E-03 0.1575251E-01
  0.3799272E-02 0.3118975E-02 0.5497085E-04
      01112    8  -14.1658
  0.9760823E+00-0.1893285E+00 0.3555400E-01-0.3386373E-01 0.1998292E-01
 -0.1485354E-02 0.6957432E-02-0.7712609E-04
      01111    8   -9.8694
  0.9580413E+00-0.2431720E+00 0.7574000E-01-0.4235859E-01 0.3367255E-01
 -0.6815390E-02 0.9955578E-02-0.1676309E-02
      01123    8   -2.8025
  0.9578675E+00-0.2158790E+00 0.9380953E-01-0.8663467E-01 0.4078655E-01
 -0.2229427E-01 0.1559264E-01-0.5477846E-03
      00101    8  -28.9171
  0.9908729E+00-0.1273287E+00 0.3001131E-01 0.1738130E-02 0.1516776E-01
  0.4047985E-02 0.2899215E-02 0.5528967E-04
      00112    8  -17.3995
  0.9789754E+00-0.1779397E+00 0.3097607E-01-0.3042298E-01 0.1799722E-01
 -0.3076151E-03 0.6294958E-02 0.1458977E-03
      00111    8  -13.0168
  0.9621827E+00-0.2308700E+00 0.6882651E-01-0.3672517E-01 0.3038970E-01
 -0.4454869E-02 0.8762481E-02-0.1155083E-02
      00123    8   -5.8641
  0.9624726E+00-0.1981144E+00 0.8215825E-01-0.7681073E-01 0.3359364E-01
 -0.1759557E-01 0.1305903E-01 0.8726005E-05
