      01101    8  -31.2778
  0.9938132E+00-0.1065207E+00-0.9797581E-02-0.2426062E-02 0.1437650E-01
  0.8672401E-02 0.4988294E-02 0.1157989E-02
      01112    8  -17.0832
  0.9846478E+00-0.1322444E+00-0.1006766E-01-0.3654086E-01 0.1040440E-01
  0.4436612E-02 0.8462700E-02 0.2767367E-02
      01111    8  -11.1440
  0.9687703E+00-0.1739112E+00 0.3834698E-01-0.3575136E-01 0.2491226E-01
  0.8548117E-03 0.1020612E-01 0.9540627E-03
      01123    8   -3.5828
  0.9572566E+00-0.1509217E+00 0.5407449E-01-0.8335150E-01 0.2234028E-01
 -0.1604930E-01 0.1408588E-01 0.2586248E-02
      00101    8  -34.9592
  0.9947790E+00-0.9776262E-01-0.1073086E-01-0.1626554E-02 0.1403346E-01
  0.8795856E-02 0.4921013E-02 0.1186426E-02
      00112    8  -20.5827
  0.9872647E+00-0.1209101E+00-0.1381894E-01-0.3437156E-01 0.8982771E-02
  0.5124515E-02 0.8105207E-02 0.2925512E-02
      00111    8  -14.5417
  0.9733820E+00-0.1610761E+00 0.3196619E-01-0.3122439E-01 0.2237246E-01
  0.2719654E-02 0.9422958E-02 0.1387457E-02
      00123    8   -6.8588
  0.9589396E+00-0.1321491E+00 0.4289643E-01-0.7494223E-01 0.1591093E-01
 -0.1221549E-01 0.1199688E-01 0.3080303E-02
