      01101    8  -23.4805
  0.9930587E+00-0.9655238E-01 0.2759800E-01-0.6467430E-02 0.1335163E-01
  0.4030021E-02 0.4374151E-02 0.1219063E-02
      01112    8  -11.4145
  0.9732690E+00-0.1392886E+00 0.5130806E-01-0.4210988E-01 0.1775053E-01
 -0.4820803E-02 0.7055931E-02 0.2157580E-02
      01111    8   -6.6906
  0.9396661E+00-0.2381105E+00 0.9266476E-01-0.6379091E-01 0.3739065E-01
 -0.1293696E-01 0.1136748E-01 0.1670293E-02
      00101    8  -26.0921
  0.9940506E+00-0.8874130E-01 0.2671598E-01-0.4854552E-02 0.1305699E-01
  0.4428386E-02 0.4308970E-02 0.1290248E-02
      00112    8  -13.9042
  0.9759012E+00-0.1288088E+00 0.4717750E-01-0.3843638E-01 0.1584494E-01
 -0.3548784E-02 0.6568429E-02 0.2200651E-02
      00111    8   -9.0939
  0.9431500E+00-0.2258349E+00 0.8490869E-01-0.5729284E-01 0.3337586E-01
 -0.1020150E-01 0.1024446E-01 0.1769841E-02
