      01101    8  -29.9570
  0.9993948E+00-0.9488239E-02-0.3040728E-02-0.1037170E-01 0.6259374E-02
  0.6466323E-02 0.5883074E-02 0.3223717E-02
      01112    8  -14.0068
  0.9849157E+00-0.4196746E-01 0.1738747E-01-0.4095896E-01 0.1594146E-02
 -0.2623718E-02 0.6405809E-02 0.4024743E-02
      01111    8   -6.5978
  0.9415260E+00-0.1632355E+00 0.6631195E-01-0.5860935E-01 0.2643119E-01
 -0.9049781E-02 0.1166935E-01 0.2461700E-02
      00101    8  -32.9442
  0.9995498E+00-0.8576280E-03-0.2447624E-02-0.9044176E-02 0.6376633E-02
  0.6754899E-02 0.5948997E-02 0.3309401E-02
      00112    8  -16.7869
  0.9876051E+00-0.3046439E-01 0.1462547E-01-0.3823617E-01 0.3609131E-03
 -0.1785527E-02 0.6137044E-02 0.4152128E-02
      00111    8   -9.2182
  0.9462141E+00-0.1494996E+00 0.5802269E-01-0.5229191E-01 0.2240996E-01
 -0.6276153E-02 0.1053522E-01 0.2805014E-02
